%YAML:1.0
---
camera_matrix: !!opencv-matrix
  rows: 3
  cols: 3
  dt: f
  data: [5033.78027, 0., 2829.23462, 0., 5036.14014, 929.489563, 0., 0., 1.]
dist_coeffs: !!opencv-matrix
  rows: 5
  cols: 1
  dt: f
  data: [-0.0618829988, 0.104794003, 0.000433999987, -3.60000013e-05, 0.]
rotation_matrix: !!opencv-matrix
  rows: 3
  cols: 3
  dt: d
  data:
    [
      0.99092175701630769,
      -0.029306340751553427,
      -0.13120674473314123,
      -0.025696138352249546,
      -0.99924544374709023,
      0.029124759646437327,
      -0.13196128199398446,
      -0.02548885133611424,
      -0.99092711059495675,
    ]
translation_vector: !!opencv-matrix
  rows: 3
  cols: 1
  dt: d
  data: [-0.032052699120882121, 3.569760322776788, 15.828476161005096]
projection_residual: 8.1742420196533203
