%YAML:1.0
---
camera_matrix: !!opencv-matrix
  rows: 3
  cols: 3
  dt: f
  data: [5033.78027, 0., 2829.23462, 0., 5036.14014, 1929.4895, 0., 0., 1.]
dist_coeffs: !!opencv-matrix
  rows: 5
  cols: 1
  dt: f
  data: [-0.0618829988, 0.104794003, 0.000433999987, -3.60000013e-05, 0.]
rotation_matrix: !!opencv-matrix
  rows: 3
  cols: 3
  dt: d
  data:
    [
      0.99083387752444918,
      -0.029046621442078192,
      -0.13192619502079622,
      0.0010533930435377113,
      -0.97491788199114071,
      0.22256238167534972,
      -0.13508189187659603,
      -0.22066131776255851,
      -0.96595106777224005,
    ]
translation_vector: !!opencv-matrix
  rows: 3
  cols: 1
  dt: d
  data: [-0.021632377379789638, 0.41589791407210192, 15.866555888203592]
projection_residual: 6.4521446228027344
